*SHOW Genre Viola - Liste des taxons
*SHOW Denis ZIEGLER - Novembre 1998
 
*ITEM DESCRIPTIONS 
 
# Viola hirta <L.>/
1,1 2,1/2 3,2 4,12-18 7,2 8,2 9,1 11,1 12,2 13,2 16,2 17,2 18,2 19,1
20,2 21,2 22,1 25,2 26,1 27,3 28,1 29,1 30,2 31,8-20 32,2

# Viola palustris <L.>/
1,1 2,3 3,2 4,12-15 6,1 7,2 9,1 11,2 12,1 13,2 16,1 17,2 18,1 19,1
20,2 21,2 22,3 25,1 26,1 27,3 28,1 29,1 30,1 31,3-10 32,2

# Viola odorata <L.>/
1,1 2,1 3,1 4,15-20 7,2 8,1 9,1 11,1 12,2 13,2 16,2 17,1 18,2 19,1
20,2 21,2 22,2 25,1 26,2 27,3 28,1 29,1 30,2 31,5-15 32,2

# Viola alba <Besser>/
1,1 2,4 3,1 4,15-20 8,3 9,1 11,1 12,2 13,2 16,1 17,1 18,2 19,1
20,2 21,2 22,1 25,2 26,2 27,2 28,1 29,1 30,2 31,5-15 32,2

# Viola mirabilis <L.>/
1,1 2,3 3,1 4,18-22 7,2 9,2 11,1 12,1 13,1 14,1 15,2 19,1
20,2 21,2 22,2 23,2 25,1/2 26,1 27,2 28,1 29,1 30,2 31,10-25 32,2

# Viola rupestris <F. W. Schmidt.>/
1,1 2,3 3,2 4,5-10 7,2 8,2 9,2  11,1 12,1/2 13,1 14,1 15,1 19,1
20,2 21,1/2 22,2 23,2 25,2 26,2 27,1 28,1 29,2/3 30,1/2 31,3-8 32,2

# Viola reichenbachiana <Jordan ex Boreau>/
1,1 2,1/2 3,2 4,15-20 6,2 8,1 9,2 10,2 11,1 12,1 13,1 14,1 15,1 19,1
20,2 21,3 22,1 23,2 25,2 26,2 27,1 28,1 29,2/3 30,1/2 31,10-20 32,2

# Viola riviniana <Reichenb.>/
1,1 2,2 3,2 4,15-22 5,2 6,1 8,3 9,2 10,1 11,1 12,1 13,1 14,1 15,1 19,1
20,2 21,3 22,2 23,2 25,2 26,2 27,2 28,1 29,2/3 30,1/2 31,10-30 32,2

# Viola elatior <Fries>/
1,1 2,3 4,20-25 13,1 14,2 19,2 20,2 23,2 24,2 25,2 26,1 28,2 29,4 30,2 31,20-40 32,2

# Viola pumila <Chaix>/
1,1 2,3 4,12-18 13,1 14,2 19,2 20,1 22,1 23,1 24,1 25,1 26,1/2 28,2 29,4 30,1 31,10-25 32,2

# Viola persicifolia <Schreber>/
1,1 2,3/4 4,10-15 7,1 13,1 14,2 19,2 20,1 22,1 24,1 26,1/2 28,1 29,3 31,15-20 32,2

# Viola canina <L.>/
1,1 2,2/3 4,15-25 7,2 13,1 14,2 19,2 20,2 22,1 26,1/2 27,2 28,1 29,1 31,10-30 32,2

# Viola canina ssp. ruppii <(All.) Schubler & Martens>/
1,1 2,3/4 4,15-25 5,1 7,2 13,1 14,2 19,2 20,1 26,1/2 28,1 29,2 31,10-40 32,2

# Viola canina ssp. schultzii <(Billot) Doll>/
1,1 2,3/4 4,15-25 5,2 7,2 13,1 14,2 19,2 22,1 26,1/2 28,1 29,2 31,5-20 32,2

# Viola arvensis <Murray>/
1,2 2,5/6 4,8-15 7,1 9,2 11,3 13,1 16,1 20,1 21,3 22,1 26,3 28,2 31,5-20 32,1

# Viola saxatilis <F.W. Schmidt>/
1,2 2,6 3,1 4,20-35 7,1 11,3 13,1 16,1 20,1 21,2 22,1 26,3 28,1 31,20-40 32,1/2

# Viola lutea <Hudson>/
1,2 2,5 4,25-40 7,2 9,2 11,3 13,1 16,2 20,1 21,2 22,1 26,3 31,10-25 32,2

